,0,2010,2011,2012,2013,2014,2015,2016,2017,2018,2019,2020
1,1,0.7,0.9,0.8,0.7,0.7,0.7,0.7,0.6,0.6,0.5,0.6
2,2,0.6,0.5,0.6,0.6,0.5,0.6,0.5,0.6,0.5,0.5,0.5
3,3,0.6,0.4,0.5,0.5,0.4,0.5,0.4,0.5,0.4,0.3,0.4
4,4,0.4,0.3,0.4,0.4,0.4,0.4,0.4,0.4,0.4,0.3,0.4
5,5,0.4,0.4,0.3,0.4,0.3,0.4,0.3,0.5,0.4,0.3,0.3
6,6,0.3,0.3,0.4,0.3*,0.3,0.3,0.3,0.4,0.3,0.3,0.3
7,7,0.3,0.4,0.3*,0.4,0.3,0.3,0.3,0.4,0.3,0.4,0.3
8,8,0.4,0.3,0.3,0.4,0.4,0.3,0.4,0.4,0.3,0.4,0.3
9,9,0.5,0.5,0.4,0.4,0.4,0.5,0.4,0.4,0.4,0.4,0.4
10,10,0.7,0.6,0.6,0.7,0.6,0.5,0.6,0.5,0.6,0.5,0.5
11,11,0.8,0.8,0.8,0.8,0.7,0.7,0.7,0.7,0.6,0.6,0.6
