년,인천평균기온(℃),서울평균기온(℃),수원평균기온(℃),강화평균기온(℃),양평평균기온(℃),이천평균기온(℃),강릉평균기온(℃),속초평균기온(℃),태백평균기온(℃),춘천평균기온(℃),원주평균기온(℃),대관령평균기온(℃),인제평균기온(℃),홍천평균기온(℃),철원평균기온(℃),추풍령평균기온(℃),청주평균기온(℃),충주평균기온(℃),제천평균기온(℃),보은평균기온(℃),서산평균기온(℃),대전평균기온(℃),천안평균기온(℃),보령평균기온(℃),부여평균기온(℃),금산평균기온(℃),제주평균기온(℃),서귀포평균기온(℃),성산평균기온(℃),고산평균기온(℃),목포평균기온(℃),광주평균기온(℃),여수평균기온(℃),완도평균기온(℃),장흥평균기온(℃),해남평균기온(℃),고흥평균기온(℃),전주평균기온(℃),장수평균기온(℃),남원평균기온(℃),정읍평균기온(℃),임실평균기온(℃),부안평균기온(℃),군산평균기온(℃),울산평균기온(℃),창원평균기온(℃),부산평균기온(℃),통영평균기온(℃),진주평균기온(℃),거창평균기온(℃),합천평균기온(℃),밀양평균기온(℃),산청평균기온(℃),거제평균기온(℃),남해평균기온(℃),대구평균기온(℃),울진평균기온(℃),안동평균기온(℃),포항평균기온(℃),봉화평균기온(℃),영주평균기온(℃),문경평균기온(℃),영덕평균기온(℃),의성평균기온(℃),구미평균기온(℃),영천평균기온(℃)
2010,12.3,12.1,12.2,10.9,11.4,11.1,13.0,12.3,9.0,11.0,12.0,7.2,10.2,10.9,10.1,11.6,13.0,11.5,9.9,11.0,11.7,12.7,12.2,13.0,12.7,11.6,15.6,16.9,15.1,15.7,13.5,14.2,14.3,14.0,13.6,13.7,13.7,13.5,11.0,11.6,13.7,11.5,12.8,12.9,14.0,14.5,14.9,14.0,13.1,11.8,13.2,13.6,13.0,14.4,14.2,14.4,12.3,12.2,14.6,9.5,11.3,11.2,13.3,11.7,13.1,12.4
2011,12.0,12.0,11.8,10.7,11.3,11.0,12.6,12.1,8.6,10.7,11.7,6.8,9.4,10.7,9.8,11.5,12.8,11.4,9.7,10.8,11.6,12.6,12.0,12.1,12.2,11.3,15.6,16.7,15.4,15.4,13.0,13.7,14.0,13.9,13.5,13.0,13.7,13.1,10.4,12.0,13.0,10.7,12.5,12.2,13.7,14.3,14.6,13.8,13.0,11.6,13.2,13.5,13.1,14.1,14.1,14.3,12.0,12.2,14.3,9.6,11.4,11.6,13.1,11.5,12.8,12.5
2012,12.1,12.2,12.1,10.7,11.4,11.1,12.6,12.0,8.4,10.7,11.4,6.5,10.0,10.6,9.6,11.2,12.7,11.5,9.6,10.7,11.5,12.6,11.9,12.2,11.8,11.1,15.7,16.7,15.4,15.6,13.1,13.7,14.0,13.9,13.3,13.2,13.5,13.2,10.2,11.9,13.1,10.6,12.5,12.3,13.7,14.2,14.5,13.7,12.7,11.4,12.9,13.4,12.8,14.2,13.9,14.1,11.9,12.2,14.1,9.1,11.2,11.5,12.9,11.3,12.5,12.3
2013,11.9,12.5,12.3,10.8,11.7,11.4,13.6,12.9,9.4,11.1,11.9,7.5,10.6,10.8,10.0,11.8,13.3,11.8,10.1,11.2,11.8,13.1,12.3,12.4,12.2,11.8,16.5,17.4,15.9,15.5,13.8,14.2,14.7,14.6,13.7,13.7,14.0,13.8,10.7,12.6,13.7,11.2,12.9,12.6,14.8,15.0,15.3,14.5,13.4,12.0,13.3,14.1,13.3,14.9,14.8,15.0,12.8,12.4,14.9,9.6,11.6,12.1,13.5,11.9,13.4,13.0
2014,12.8,13.4,13.1,11.8,12.4,11.9,13.8,13.2,9.3,12.1,12.8,7.7,11.1,11.7,11.0,11.7,13.9,12.2,10.6,11.5,12.3,13.4,12.8,12.9,12.7,12.1,16.2,17.0,15.6,15.5,13.9,14.3,14.7,14.5,13.7,13.7,14.0,13.9,11.0,12.7,13.7,11.5,13.1,13.0,14.7,14.9,15.1,14.7,13.2,12.0,13.1,14.0,13.0,14.8,14.7,14.9,12.9,12.5,14.6,9.9,12.0,12.2,12.9,11.7,13.5,12.8
2015,13.1,13.6,13.5,12.0,12.9,12.4,13.9,12.6,9.8,12.5,13.6,8.0,11.1,12.2,11.1,12.2,14.0,12.7,11.1,12.0,12.7,14.0,13.0,13.3,12.9,12.6,16.7,16.7,15.7,15.6,14.4,14.6,14.9,14.5,13.9,13.9,14.1,14.2,11.5,12.8,14.1,12.1,13.5,13.4,15.0,14.6,15.4,14.8,13.4,12.4,13.4,14.2,13.3,14.9,14.7,14.8,13.2,12.9,14.8,10.3,12.5,12.5,13.5,12.1,14.1,13.5
2016,13.3,13.6,13.6,12.1,12.9,12.7,13.8,12.8,9.8,12.4,13.4,8.1,11.2,12.3,11.2,12.4,13.9,12.9,11.3,12.3,12.9,14.0,12.7,13.6,13.3,12.7,17.0,17.0,16.3,16.2,14.8,15.0,15.3,15.1,14.3,14.0,14.2,14.3,11.7,13.5,14.3,12.5,13.8,13.8,14.8,14.9,15.7,15.3,13.8,12.7,13.8,14.7,13.8,15.6,15.1,14.6,13.2,13.2,15.2,10.8,12.3,12.3,13.8,12.7,14.2,13.9
2017,12.5,13.0,12.6,11.5,12.2,11.7,13.9,13.1,9.0,11.7,12.1,7.3,10.5,11.3,10.5,11.9,13.4,12.0,10.5,11.5,12.2,13.4,11.8,12.8,12.5,11.8,16.8,17.0,15.9,16.0,14.3,14.6,15.0,14.9,13.8,13.4,13.7,13.6,10.8,12.7,13.1,11.6,13.2,13.1,14.5,14.8,15.2,14.9,13.5,12.2,13.5,14.2,13.3,15.2,14.9,14.4,13.2,12.6,15.0,10.3,11.6,12.4,13.7,11.9,13.7,13.5
2018,12.5,12.9,12.7,11.3,12.1,11.7,13.7,12.6,9.3,11.6,12.4,7.2,10.1,11.2,10.4,11.9,13.5,12.0,10.5,11.6,12.2,13.5,11.8,13.0,12.7,12.0,16.6,16.7,15.7,16.1,14.4,14.6,14.9,14.8,13.8,13.2,13.6,13.9,11.1,13.0,13.1,12.0,13.3,13.2,14.3,14.2,15.1,14.8,13.4,12.3,13.3,13.8,13.1,15.0,14.6,14.1,13.0,12.7,14.8,10.3,11.6,12.4,13.4,12.4,13.6,13.3
2019,13.2,13.5,13.2,12.2,12.7,12.3,14.7,13.8,9.9,12.3,13.0,8.1,11.2,12.1,11.1,12.4,14.2,12.3,11.1,12.2,12.7,14.0,12.0,13.2,12.9,12.4,16.8,17.3,16.1,16.2,14.3,14.7,15.4,15.0,14.2,13.2,13.9,14.2,11.4,13.3,13.3,12.2,13.7,13.5,14.9,14.6,15.7,15.3,13.9,12.7,13.8,14.3,13.7,15.6,15.2,14.8,13.9,12.9,15.5,11.0,12.1,12.9,14.3,12.9,14.2,14.1
