,구미평균기온(℃),구미시,산업체수,종사자수,구미
1988,11.6,190132,359,69826,
1989,12.2,202223,452,78936,
1990,12.6,206101,640,84660,
1991,11.9,187984,470,71036,
1992,12.1,196816,522,80076,
1993,11.4,210203,477,67935,
1994,13.0,220187,512,72636,
1995,12.2,302413,769,79620,
1996,12.3,311437,745,79702,
1997,13.0,321463,745,79702,
1998,13.7,328659,734,76333,
1999,13.1,335487,771,71440,
2000,12.8,336914,825,72821,
2001,13.0,344159,837,71104,
2002,13.0,350011,878,71637,
2003,12.8,355629,967,77878,
2004,13.6,365681,958,83070,
2005,12.6,374614,1064,81955,
2006,13.0,386465,1138,94112,
2007,13.2,391897,1225,86991,
2008,13.3,393959,760,80968,
2009,13.5,396419,745,79784,
2010,13.1,404920,864,87305,0.5166666666666666
2011,12.8,413446,3058,96296,0.4666666666666666
2012,12.5,416949,903,88903,0.6083333333333333
2013,13.4,419428,1014,90693,0.6333333333333333
2014,13.5,420320,1036,88341,0.5666666666666668
2015,14.1,419915,1050,89099,0.6833333333333332
2016,14.2,419891,1010,84691,0.5916666666666667
2017,13.7,421799,1003,84372,0.5666666666666665
2018,13.6,421494,1011,79794,0.49166666666666675
2019,14.2,419742,993,73994,0.4249999999999999
2020,13.9,416328,,,0.425
2021,13.9,412581,,,
