,산업체수,종사자수
1988,359,69826
1989,452,78936
1990,640,84660
1991,470,71036
1992,522,80076
1993,477,67935
1994,512,72636
1995,769,79620
1996,745,79702
1997,745,79702
1998,734,76333
1999,771,71440
2000,825,72821
2001,837,71104
2002,878,71637
2003,967,77878
2004,958,83070
2005,1064,81955
2006,1138,94112
2007,1225,86991
2008,760,80968
2009,745,79784
2010,864,87305
2011,3058,96296
2012,903,88903
2013,1014,90693
2014,1036,88341
2015,1050,89099
2016,1010,84691
2017,1003,84372
2018,1011,79794
2019,993,73994
