년,구미평균기온(℃)
1904,
1905,
1906,
1907,
1908,
1909,
1910,
1911,
1912,
1913,
1914,
1915,
1916,
1917,
1918,
1919,
1920,
1921,
1922,
1923,
1924,
1925,
1926,
1927,
1928,
1929,
1930,
1931,
1932,
1933,
1934,
1935,
1936,
1937,
1938,
1939,
1940,
1941,
1942,
1943,
1944,
1945,
1946,
1947,
1948,
1949,
1950,
1951,
1952,
1953,
1954,
1955,
1956,
1957,
1958,
1959,
1960,
1961,
1962,
1963,
1964,
1965,
1966,
1967,
1968,
1969,
1970,
1971,
1972,
1973,12.2
1974,11.2
1975,12.6
1976,11.4
1977,12.2
1978,12.8
1979,12.2
1980,10.9
1981,11.3
1982,12.3
1983,12.2
1984,11.7
1985,12.0
1986,11.4
1987,11.9
1988,11.6
1989,12.2
1990,12.6
1991,11.9
1992,12.1
1993,11.4
1994,13.0
1995,12.2
1996,12.3
1997,13.0
1998,13.7
1999,13.1
2000,12.8
2001,13.0
2002,13.0
2003,12.8
2004,13.6
2005,12.6
2006,13.0
2007,13.2
2008,13.3
2009,13.5
2010,13.1
2011,12.8
2012,12.5
2013,13.4
2014,13.5
2015,14.1
2016,14.2
2017,13.7
2018,13.6
2019,14.2
2020,13.9
2021,13.9
2022,
