,원주평균기온(℃),원주시,산업체수,종사자수,원주
1988,10.6,,,,
1989,11.7,,,,
1990,11.7,,,,
1991,11.0,,,,
1992,11.1,,,,
1993,10.7,,,,
1994,12.1,,,,
1995,10.6,,,,
1996,10.8,,,,
1997,11.3,,,,
1998,12.5,,,,
1999,11.8,,,,
2000,11.2,,,,
2001,11.5,,,,
2002,11.7,,,,
2003,11.7,,,,
2004,12.6,,,,
2005,11.5,,,,
2006,12.2,,,,
2007,12.4,,,,
2008,12.1,,,,
2009,12.2,,,,
2010,12.0,,,,
2011,11.7,,,,
2012,11.4,,,,
2013,11.9,,,,
2014,12.8,,,,
2015,13.6,,,,
2016,13.4,,,,
2017,12.1,,,,
2018,12.4,,,,
2019,13.0,,,,
2020,12.8,,,,
2021,13.0,,,,
1988,,161533,79,4060,
1989,,165956,78,3837,
1990,,173013,97,4966,
1991,,164975,132,5245,
1992,,171356,118,5530,
1993,,175910,124,5105,
1994,,179828,142,5444,
1995,,237537,268,12285,
1996,,244535,1424,14851,
1997,,254271,260,10768,
1998,,260355,213,8927,
1999,,265073,242,9225,
2000,,270009,256,9916,
2001,,274266,312,10596,
2002,,276889,329,11239,
2003,,280738,383,11823,
2004,,284628,409,9659,
2005,,288454,423,12121,
2006,,294155,440,11842,
2007,,298762,454,12505,
2008,,303975,206,10490,
2009,,307882,207,9772,
2010,,314678,234,10739,0.6666666666666666
2011,,320536,1318,15053,0.7916666666666666
2012,,323885,239,11461,0.775
2013,,324837,277,12187,0.85
2014,,327292,302,13264,0.7749999999999999
2015,,332995,302,13264,0.6916666666666668
2016,,337979,304,14420,0.6583333333333333
2017,,341337,315,14802,0.5416666666666666
2018,,344070,319,15111,0.47500000000000003
2019,,349215,323,14922,0.4749999999999999
2020,,354376,,,0.4583333333333333
2021,,357757,,,
