년,원주평균기온(℃)
1904,
1905,
1906,
1907,
1908,
1909,
1910,
1911,
1912,
1913,
1914,
1915,
1916,
1917,
1918,
1919,
1920,
1921,
1922,
1923,
1924,
1925,
1926,
1927,
1928,
1929,
1930,
1931,
1932,
1933,
1934,
1935,
1936,
1937,
1938,
1939,
1940,
1941,
1942,
1943,
1944,
1945,
1946,
1947,
1948,
1949,
1950,
1951,
1952,
1953,
1954,
1955,
1956,
1957,
1958,
1959,
1960,
1961,
1962,
1963,
1964,
1965,
1966,
1967,
1968,
1969,
1970,
1971,
1972,
1973,10.4
1974,9.4
1975,11.1
1976,10.3
1977,10.6
1978,11.0
1979,10.9
1980,9.2
1981,9.3
1982,10.6
1983,10.6
1984,9.8
1985,10.3
1986,10.0
1987,10.8
1988,10.6
1989,11.7
1990,11.7
1991,11.0
1992,11.1
1993,10.7
1994,12.1
1995,10.6
1996,10.8
1997,11.3
1998,12.5
1999,11.8
2000,11.2
2001,11.5
2002,11.7
2003,11.7
2004,12.6
2005,11.5
2006,12.2
2007,12.4
2008,12.1
2009,12.2
2010,12.0
2011,11.7
2012,11.4
2013,11.9
2014,12.8
2015,13.6
2016,13.4
2017,12.1
2018,12.4
2019,13.0
2020,12.8
2021,13.0
2022,
