,청주,원주,제주,구미
2010,0.5583333333333333,0.6666666666666666,0.34166666666666656,0.5166666666666666
2011,0.5083333333333332,0.7916666666666666,0.34166666666666673,0.4666666666666666
2012,0.5166666666666666,0.775,0.3916666666666666,0.6083333333333333
2013,0.5583333333333333,0.85,0.39999999999999997,0.6333333333333333
2014,0.49166666666666664,0.7749999999999999,0.37499999999999994,0.5666666666666668
2015,0.5,0.6916666666666668,0.3833333333333333,0.6833333333333332
2016,0.4749999999999999,0.6583333333333333,0.3416666666666666,0.5916666666666667
2017,0.5083333333333334,0.5416666666666666,0.3,0.5666666666666665
2018,0.4583333333333332,0.47500000000000003,0.275,0.49166666666666675
2019,0.4333333333333333,0.4749999999999999,0.3333333333333333,0.4249999999999999
2020,0.4333333333333333,0.4583333333333333,0.3416666666666666,0.425
