년,제주평균기온(℃)
1904,
1905,
1906,
1907,
1908,
1909,
1910,
1911,
1912,
1913,
1914,
1915,
1916,
1917,
1918,
1919,
1920,
1921,
1922,
1923,
1924,14.1
1925,14.0
1926,14.3
1927,14.5
1928,14.2
1929,14.6
1930,15.0
1931,14.2
1932,14.4
1933,14.2
1934,14.3
1935,14.9
1936,13.8
1937,15.0
1938,14.4
1939,14.7
1940,14.5
1941,14.5
1942,14.8
1943,14.5
1944,14.6
1945,14.3
1946,15.1
1947,13.9
1948,15.1
1949,14.6
1950,15.0
1951,14.8
1952,14.8
1953,14.9
1954,14.9
1955,15.0
1956,14.4
1957,14.3
1958,15.3
1959,15.6
1960,15.5
1961,16.0
1962,15.1
1963,14.8
1964,16.1
1965,15.0
1966,15.6
1967,15.2
1968,14.8
1969,14.9
1970,14.7
1971,15.4
1972,15.3
1973,15.5
1974,14.8
1975,15.7
1976,14.7
1977,15.2
1978,15.8
1979,15.8
1980,14.6
1981,15.0
1982,15.4
1983,15.6
1984,14.8
1985,15.4
1986,14.7
1987,15.4
1988,15.2
1989,15.7
1990,16.4
1991,15.5
1992,15.9
1993,15.2
1994,16.5
1995,15.6
1996,15.7
1997,16.4
1998,17.0
1999,16.0
2000,15.7
2001,16.1
2002,15.8
2003,15.7
2004,16.4
2005,16.2
2006,16.2
2007,16.5
2008,16.0
2009,16.0
2010,15.6
2011,15.6
2012,15.7
2013,16.5
2014,16.2
2015,16.7
2016,17.0
2017,16.8
2018,16.6
2019,16.8
2020,16.7
2021,17.5
2022,
