,제주연평균기온(℃),제주인구수,제주산업체수,제주산업종사자수,제주일산화탄소량
1988,15.2,223285,373,9498,
1989,15.7,229815,374,9508,
1990,16.4,232687,464,15474,
1991,15.5,228665,485,15066,
1992,15.9,237481,94,1817,
1993,15.2,243014,97,1883,
1994,16.5,248537,71,1063,
1995,15.6,255247,77,1087,
1996,15.7,260640,81,1146,
1997,16.4,265856,123,1631,
1998,17.0,270424,96,1317,
1999,16.0,273930,103,1356,
2000,15.7,278535,115,1521,
2001,16.1,284498,126,1530,
2002,15.8,289874,143,1791,
2003,15.7,292124,157,1838,
2004,16.4,296068,144,1702,
2005,16.2,303499,142,1542,
2006,16.2,403601,150,3946,
2007,16.5,405458,282,3510,
2008,16.0,407498,111,2640,
2009,16.0,410378,113,2386,
2010,15.6,417539,132,3261,0.34166666666666656
2011,15.6,422790,1432,6453,0.34166666666666673
2012,15.7,429656,137,3330,0.3916666666666666
2013,16.5,438165,142,3247,0.39999999999999997
2014,16.2,448834,162,3597,0.37499999999999994
2015,16.7,459876,1741,8786,0.3833333333333333
2016,17.0,470665,164,4058,0.3416666666666666
2017,16.8,478700,157,4228,0.3
2018,16.6,485946,146,3907,0.275
2019,16.8,489405,165,4136,0.3333333333333333
2020,16.7,492466,,,0.27
2021,17.5,493096,,,0.27
