,청주평균기온(℃),청주시,산업체수,종사자수,청주
1988,11.7,,,,
1989,12.6,,,,
1990,12.9,,,,
1991,12.0,,,,
1992,12.3,,,,
1993,11.9,,,,
1994,13.3,,,,
1995,12.0,,,,
1996,12.1,,,,
1997,12.7,,,,
1998,13.6,,,,
1999,13.1,,,,
2000,12.3,,,,
2001,12.9,,,,
2002,12.8,,,,
2003,12.7,,,,
2004,13.4,,,,
2005,12.5,,,,
2006,13.3,,,,
2007,13.7,,,,
2008,13.4,,,,
2009,13.0,,,,
2010,13.0,,,,
2011,12.8,,,,
2012,12.7,,,,
2013,13.3,,,,
2014,13.9,,,,
2015,14.0,,,,
2016,13.9,,,,
2017,13.4,,,,
2018,13.5,,,,
2019,14.2,,,,
2020,13.9,,,,
2021,14.4,,,,
1988,,417435,339,41436,
1989,,453470,296,40647,
1990,,497429,319,40782,
1991,,455148,302,35450,
1992,,471118,293,33166,
1993,,489033,300,34190,
1994,,504221,301,36503,
1995,,519072,343,37258,
1996,,530836,350,37236,
1997,,544115,345,35061,
1998,,557405,298,29939,
1999,,569072,2073,34405,
2000,,580861,2193,36173,
2001,,592504,430,28950,
2002,,603941,435,28085,
2003,,615155,465,28430,
2004,,624288,457,32199,
2005,,630939,475,27456,
2006,,626679,495,27475,
2007,,633286,505,26824,
2008,,638663,224,25205,
2009,,643161,224,24616,
2010,,655971,252,24977,0.5583333333333333
2011,,661946,2313,30702,0.5083333333333332
2012,,666852,239,25960,0.5166666666666666
2013,,672904,228,27339,0.5583333333333333
2014,,831521,893,64005,0.49166666666666664
2015,,831912,893,64005,0.5
2016,,835197,964,67629,0.4749999999999999
2017,,835590,983,69366,0.5083333333333334
2018,,837749,1004,72960,0.4583333333333332
2019,,839566,1024,72809,0.4333333333333333
2020,,844993,,,0.4333333333333333
2021,,848482,,,
