년,청주평균기온(℃)
1904,
1905,
1906,
1907,
1908,
1909,
1910,
1911,
1912,
1913,
1914,
1915,
1916,
1917,
1918,
1919,
1920,
1921,
1922,
1923,
1924,
1925,
1926,
1927,
1928,
1929,
1930,
1931,
1932,
1933,
1934,
1935,
1936,
1937,
1938,
1939,
1940,
1941,
1942,
1943,
1944,
1945,
1946,
1947,
1948,
1949,
1950,
1951,
1952,
1953,
1954,
1955,
1956,
1957,
1958,
1959,
1960,
1961,
1962,
1963,
1964,
1965,
1966,
1967,11.5
1968,11.5
1969,10.7
1970,11.2
1971,11.3
1972,11.7
1973,11.7
1974,10.4
1975,12.1
1976,11.1
1977,11.9
1978,12.2
1979,12.0
1980,10.5
1981,10.8
1982,12.1
1983,12.0
1984,11.4
1985,11.8
1986,11.2
1987,12.0
1988,11.7
1989,12.6
1990,12.9
1991,12.0
1992,12.3
1993,11.9
1994,13.3
1995,12.0
1996,12.1
1997,12.7
1998,13.6
1999,13.1
2000,12.3
2001,12.9
2002,12.8
2003,12.7
2004,13.4
2005,12.5
2006,13.3
2007,13.7
2008,13.4
2009,13.0
2010,13.0
2011,12.8
2012,12.7
2013,13.3
2014,13.9
2015,14.0
2016,13.9
2017,13.4
2018,13.5
2019,14.2
2020,13.9
2021,14.4
2022,
